4
linear   essential      -0.250000   0.750000
linear   non-essential   0.000000   1.000000
linear   essential       0.000000   1.000000
linear   essential       0.000000   1.000000

寂 1
significant   elliptical     1
	  0.355469  0.626953  0.203125  0.203125
	  0.000400  0.000400  0.000400  0.000400

寞 1
significant   elliptical     1
	  0.402344  0.599219  0.218750  0.199219
	  0.000400  0.000400  0.000400  0.000400

攀 1
significant   elliptical     1
	  0.371094  0.659375  0.214844  0.210938
	  0.000400  0.000400  0.000400  0.000400

酬 1
significant   elliptical     1
	  0.386719  0.434766  0.207031  0.121094
	  0.000400  0.000400  0.000400  0.000400

漕 1
significant   elliptical     1
	  0.382812  0.245703  0.210938  0.082031
	  0.000400  0.000400  0.000400  0.000400

在 1
significant   elliptical     5
	  0.343750  0.512109  0.222656  0.193750
	  0.000400  0.000400  0.000400  0.000400

等 1
significant   elliptical     1
	  0.398438  0.686328  0.207031  0.191406
	  0.000400  0.000400  0.000400  0.000400

过 1
significant   elliptical     1
	  0.363281  0.477734  0.210938  0.207031
	  0.000400  0.000400  0.000400  0.000400

的 1
significant   elliptical    21
	  0.360491  0.568713  0.203311  0.223214
	  0.000400  0.000400  0.000400  0.000400

〔 1
significant   elliptical     1
	  0.375000  0.153906  0.218750  0.039062
	  0.000400  0.000400  0.000400  0.000400

了 1
significant   elliptical    11
	  0.432174  0.281357  0.257102  0.129261
	  0.000400  0.000400  0.000400  0.000400

i 1
significant   elliptical     5
	  0.367969  0.151484  0.196875  0.050781
	  0.000400  0.000400  0.000400  0.000400

狸 1
significant   elliptical     1
	  0.316406  0.388672  0.199219  0.125000
	  0.000400  0.000400  0.000400  0.000400

板 1
significant   elliptical     1
	  0.347656  0.584375  0.230469  0.199219
	  0.000400  0.000400  0.000400  0.000400

裂 1
significant   elliptical     1
	  0.359375  0.648047  0.214844  0.210938
	  0.000400  0.000400  0.000400  0.000400

缝 1
significant   elliptical     1
	  0.335938  0.649219  0.203125  0.207031
	  0.000400  0.000400  0.000400  0.000400

日 1
significant   elliptical     1
	  0.343750  0.264844  0.179688  0.085938
	  0.000400  0.000400  0.000400  0.000400

甘 1
significant   elliptical     2
	  0.363281  0.276172  0.214844  0.082031
	  0.000400  0.000400  0.000400  0.000488

「 1
significant   elliptical     6
	  0.395182  0.162565  0.223958  0.035156
	  0.000400  0.000400  0.000400  0.000400

司 1
significant   elliptical     1
	  0.390625  0.412109  0.203125  0.144531
	  0.000400  0.000400  0.000400  0.000400

; 1
significant   elliptical     1
	  0.347656  0.116797  0.253906  0.050781
	  0.000400  0.000400  0.000400  0.000400

可 1
significant   elliptical    12
	  0.419922  0.450716  0.207357  0.189453
	  0.000400  0.000400  0.000400  0.000400

爱 1
significant   elliptical     3
	  0.364583  0.680078  0.222656  0.192708
	  0.000400  0.000400  0.000400  0.000400

与 1
significant   elliptical     1
	  0.355469  0.454688  0.187500  0.187500
	  0.000400  0.000400  0.000400  0.000400

‘ 1
significant   elliptical     1
	  0.460938  0.041406  0.050781  0.015625
	  0.000400  0.000400  0.000400  0.000400

r 1
significant   elliptical     1
	  0.371094  0.162891  0.218750  0.035156
	  0.000400  0.000400  0.000400  0.000400

艮 2
significant   elliptical     1
	  0.363281  0.397266  0.203125  0.113281
	  0.000400  0.000400  0.000400  0.000400
significant   elliptical     1
	  0.332031  0.458203  0.222656  0.132812
	  0.000400  0.000400  0.000400  0.000400

. 1
significant   elliptical     1
	  0.113281  0.048437  0.050781  0.042969
	  0.000400  0.000400  0.000400  0.000400

总 1
significant   elliptical     1
	  0.308594  0.507031  0.203125  0.160156
	  0.000400  0.000400  0.000400  0.000400

是 1
significant   elliptical     7
	  0.365514  0.666741  0.202009  0.182478
	  0.000400  0.000400  0.000400  0.000400

一 1
significant   elliptical     2
	  0.400391  0.137891  0.013672  0.197266
	  0.000923  0.000400  0.000400  0.000400

线 1
significant   elliptical     1
	  0.359375  0.604297  0.210938  0.218750
	  0.000400  0.000400  0.000400  0.000400

之 1
significant   elliptical     1
	  0.316406  0.373047  0.207031  0.183594
	  0.000400  0.000400  0.000400  0.000400

恽 1
significant   elliptical     1
	  0.402344  0.275391  0.199219  0.078125
	  0.000400  0.000400  0.000400  0.000400

鬲 1
significant   elliptical     1
	  0.398438  0.519531  0.218750  0.136719
	  0.000400  0.000400  0.000400  0.000400

这 1
significant   elliptical     3
	  0.332031  0.548828  0.213542  0.204427
	  0.000400  0.000400  0.000400  0.000400

庵 1
significant   elliptical     1
	  0.355469  0.214062  0.230469  0.074219
	  0.000400  0.000400  0.000400  0.000400

荤 1
significant   elliptical     1
	  0.417969  0.331250  0.210938  0.117188
	  0.000400  0.000400  0.000400  0.000400

下 1
significant   elliptical     1
	  0.441406  0.322656  0.234375  0.164062
	  0.000400  0.000400  0.000400  0.000400

去 1
significant   elliptical     1
	  0.339844  0.444141  0.195312  0.187500
	  0.000400  0.000400  0.000400  0.000400

也 1
significant   elliptical     3
	  0.332031  0.482291  0.199219  0.191406
	  0.000400  0.000400  0.000400  0.000400

不 1
significant   elliptical    10
	  0.416406  0.426992  0.209766  0.191797
	  0.000400  0.000400  0.000400  0.000400

我 1
significant   elliptical    15
	  0.359115  0.585677  0.223437  0.206771
	  0.000400  0.000400  0.000400  0.000400

4 1
significant   elliptical     6
	  0.382812  0.168620  0.208333  0.039062
	  0.000400  0.000400  0.000400  0.000400

] 1
significant   elliptical     5
	  0.382813  0.184922  0.241406  0.062500
	  0.000400  0.000400  0.000400  0.000400

路 1
significant   elliptical     2
	  0.367188  0.652735  0.218750  0.207031
	  0.000400  0.000400  0.000400  0.000400

( 2
significant   elliptical     2
	  0.375000  0.153906  0.218750  0.035156
	  0.000400  0.000400  0.000400  0.000400
significant   elliptical     2
	  0.367188  0.169141  0.207031  0.039062
	  0.000400  0.000400  0.000400  0.000400

享 1
significant   elliptical     2
	  0.406250  0.544336  0.195312  0.132812
	  0.000400  0.000400  0.000400  0.000400

< 1
significant   elliptical     1
	  0.371094  0.153906  0.218750  0.035156
	  0.000400  0.000400  0.000400  0.000400

走 1
significant   elliptical     3
	  0.328125  0.515365  0.205729  0.191406
	  0.000400  0.000400  0.000400  0.000400

越 1
significant   elliptical     2
	  0.330078  0.640040  0.214844  0.214844
	  0.000400  0.000400  0.000400  0.000400

来 1
significant   elliptical     1
	  0.351562  0.525391  0.203125  0.195312
	  0.000400  0.000400  0.000400  0.000400

董 1
significant   elliptical     1
	  0.351562  0.243750  0.179688  0.101562
	  0.000400  0.000400  0.000400  0.000400

口 1
significant   elliptical     3
	  0.352865  0.293229  0.199219  0.102865
	  0.000400  0.000400  0.000400  0.000400

道 1
significant   elliptical     1
	  0.343750  0.710547  0.203125  0.195312
	  0.000400  0.000400  0.000400  0.000400

自 1
significant   elliptical     1
	  0.343750  0.576563  0.207031  0.187500
	  0.000400  0.000400  0.000400  0.000400

己 1
significant   elliptical     1
	  0.355469  0.455469  0.234375  0.195312
	  0.000400  0.000400  0.000400  0.000400

要 1
significant   elliptical     1
	  0.367188  0.659375  0.222656  0.203125
	  0.000400  0.000400  0.000400  0.000400

f 1
significant   elliptical     1
	  0.382812  0.180859  0.218750  0.054688
	  0.000400  0.000400  0.000400  0.000400

十 1
significant   elliptical     1
	  0.375000  0.230078  0.210938  0.109375
	  0.000400  0.000400  0.000400  0.000400

么 1
significant   elliptical     1
	  0.300781  0.353516  0.191406  0.160156
	  0.000400  0.000400  0.000400  0.000400

筐 1
significant   elliptical     2
	  0.335938  0.397852  0.212891  0.136719
	  0.000400  0.000400  0.000400  0.000400

肯 1
significant   elliptical     2
	  0.378906  0.650000  0.195312  0.177734
	  0.000400  0.000400  0.000400  0.000400

承 1
significant   elliptical     2
	  0.357422  0.603125  0.218750  0.195312
	  0.000400  0.000400  0.000400  0.000400

迁 1
significant   elliptical     1
	  0.351562  0.170312  0.214844  0.050781
	  0.000400  0.000400  0.000400  0.000400

人 1
significant   elliptical     3
	  0.269531  0.239583  0.212240  0.136719
	  0.000400  0.000400  0.000400  0.001144

喔 1
significant   elliptical     2
	  0.351562  0.721485  0.199219  0.201172
	  0.000400  0.000400  0.000400  0.000400

摀 1
significant   elliptical     1
	  0.375000  0.699219  0.218750  0.199219
	  0.000400  0.000400  0.000400  0.000400

住 1
significant   elliptical     1
	  0.351562  0.509766  0.210938  0.191406
	  0.000400  0.000400  0.000400  0.000400

耳 1
significant   elliptical     1
	  0.414062  0.524219  0.207031  0.179688
	  0.000400  0.000400  0.000400  0.000400

朵 1
significant   elliptical     1
	  0.339844  0.478516  0.203125  0.187500
	  0.000400  0.000400  0.000400  0.000400

H 2
significant   elliptical     2
	  0.386719  0.291797  0.214844  0.093750
	  0.000400  0.000400  0.000400  0.000400
significant   elliptical     1
	  0.410156  0.208984  0.156250  0.070312
	  0.000400  0.000400  0.000400  0.000400

斤 1
significant   elliptical     1
	  0.367188  0.327344  0.218750  0.132812
	  0.000400  0.000400  0.000400  0.000400

见 1
significant   elliptical     1
	  0.355469  0.527344  0.214844  0.183594
	  0.000400  0.000400  0.000400  0.000400

笑 1
significant   elliptical     1
	  0.386719  0.565234  0.199219  0.207031
	  0.000400  0.000400  0.000400  0.000400

声 1
significant   elliptical     1
	  0.417969  0.565625  0.183594  0.210938
	  0.000400  0.000400  0.000400  0.000400

E 1
significant   elliptical     1
	  0.406250  0.270703  0.203125  0.082031
	  0.000400  0.000400  0.000400  0.000400

聂 2
significant   elliptical     1
	  0.367188  0.352734  0.218750  0.113281
	  0.000400  0.000400  0.000400  0.000400
significant   elliptical     1
	  0.347656  0.278906  0.218750  0.074219
	  0.000400  0.000400  0.000400  0.000400

真 1
significant   elliptical     7
	  0.351562  0.679241  0.203683  0.173549
	  0.000400  0.000400  0.000400  0.000400

以 1
significant   elliptical     8
	  0.360840  0.429688  0.193359  0.197266
	  0.000400  0.000400  0.000400  0.000400

放 1
significant   elliptical     2
	  0.335938  0.576172  0.218750  0.203125
	  0.000400  0.000400  0.000400  0.000400

弃 1
significant   elliptical     2
	  0.375000  0.503906  0.203125  0.195312
	  0.000400  0.000400  0.000400  0.000400

方 1
significant   elliptical     2
	  0.367188  0.210547  0.222656  0.074219
	  0.000400  0.000400  0.000400  0.000400

目 1
significant   elliptical     2
	  0.371094  0.397266  0.214844  0.113281
	  0.000400  0.000400  0.000400  0.000400

资 1
significant   elliptical     2
	  0.367188  0.606641  0.203125  0.195312
	  0.000400  0.000400  0.000400  0.000400

1 1
significant   elliptical     2
	  0.367188  0.201172  0.226562  0.070312
	  0.000400  0.000400  0.000400  0.000400

ã 1
significant   elliptical     2
	  0.363281  0.382812  0.218750  0.121094
	  0.000400  0.000400  0.000400  0.000400

兖 1
significant   elliptical     2
	  0.339844  0.329297  0.207031  0.121094
	  0.000400  0.000400  0.000400  0.000400

误 1
significant   elliptical     2
	  0.378906  0.565625  0.203125  0.191406
	  0.000400  0.000400  0.000400  0.000400

青 1
significant   elliptical     2
	  0.363281  0.754687  0.203125  0.179688
	  0.000400  0.000400  0.000400  0.000400

眷 1
significant   elliptical     2
	  0.375000  0.676953  0.207031  0.183594
	  0.000400  0.000400  0.000400  0.000400

美 1
significant   elliptical     2
	  0.339844  0.642969  0.187500  0.203125
	  0.000400  0.000400  0.000400  0.000400

好 1
significant   elliptical     2
	  0.375000  0.508203  0.210938  0.195312
	  0.000400  0.000400  0.000400  0.000400

天 1
significant   elliptical     2
	  0.390625  0.417969  0.214844  0.191406
	  0.000400  0.000400  0.000400  0.000400

尔 1
significant   elliptical     2
	  0.339844  0.422266  0.195312  0.136719
	  0.000400  0.000400  0.000400  0.000400

痕 1
significant   elliptical     2
	  0.355469  0.678516  0.199219  0.195312
	  0.000400  0.000400  0.000400  0.000400

迹 1
significant   elliptical     2
	  0.339844  0.559766  0.199219  0.207031
	  0.000400  0.000400  0.000400  0.000400

还 1
significant   elliptical     2
	  0.355469  0.540625  0.214844  0.203125
	  0.000400  0.000400  0.000400  0.000400

像 1
significant   elliptical     2
	  0.324219  0.614062  0.214844  0.187500
	  0.000400  0.000400  0.000400  0.000400

尘 1
significant   elliptical     2
	  0.304688  0.451562  0.230469  0.183594
	  0.000400  0.000400  0.000400  0.000400

埃 1
significant   elliptical     2
	  0.339844  0.498437  0.187500  0.199219
	  0.000400  0.000400  0.000400  0.000400

贡 1
significant   elliptical     2
	  0.363281  0.159375  0.214844  0.058594
	  0.000400  0.000400  0.000400  0.000400

笠 1
significant   elliptical     3
	  0.325521  0.398828  0.210938  0.136719
	  0.000400  0.000400  0.000400  0.000400

有 1
significant   elliptical     3
	  0.352864  0.545443  0.203125  0.187500
	  0.000400  0.000400  0.000400  0.000400

分 2
significant   elliptical     3
	  0.368490  0.397787  0.195312  0.195312
	  0.000400  0.000400  0.000400  0.000400
significant   elliptical     1
	  0.375000  0.402344  0.195312  0.195312
	  0.000400  0.000400  0.000400  0.000400

寸 1
significant   elliptical     2
	  0.410156  0.328125  0.195312  0.164062
	  0.000400  0.000400  0.000400  0.000400

§ 1
significant   elliptical     2
	  0.343750  0.258399  0.199219  0.097656
	  0.000400  0.000400  0.000400  0.000400

景 1
significant   elliptical     2
	  0.351562  0.447656  0.203125  0.109375
	  0.000400  0.000400  0.000400  0.000400

多 1
significant   elliptical     2
	  0.316406  0.254687  0.203125  0.097656
	  0.000400  0.000400  0.000400  0.000400

K 1
significant   elliptical     2
	  0.402344  0.285937  0.195312  0.085938
	  0.000400  0.000400  0.000400  0.000400

痘 1
significant   elliptical     2
	  0.332031  0.431446  0.187500  0.128906
	  0.000400  0.000400  0.000400  0.000400

形 1
significant   elliptical     2
	  0.359375  0.557032  0.214844  0.195312
	  0.000400  0.000400  0.000400  0.000400

着 2
significant   elliptical     2
	  0.367188  0.743750  0.199219  0.175781
	  0.000400  0.000400  0.000400  0.000400
significant   elliptical     2
	  0.371094  0.743945  0.199219  0.175781
	  0.000400  0.000400  0.000400  0.000400

狂 1
significant   elliptical     2
	  0.371094  0.531836  0.230469  0.191406
	  0.000400  0.000400  0.000400  0.000400

妄 1
significant   elliptical     2
	  0.359375  0.588086  0.210938  0.191406
	  0.000400  0.000400  0.000400  0.000400

束 1
significant   elliptical     2
	  0.390625  0.393750  0.195312  0.125000
	  0.000400  0.000400  0.000400  0.000400

皿 1
significant   elliptical     2
	  0.375000  0.282813  0.218750  0.082031
	  0.000400  0.000400  0.000400  0.000400

痛 1
significant   elliptical     2
	  0.363281  0.686133  0.207031  0.207031
	  0.000400  0.000400  0.000400  0.000400

或 1
significant   elliptical     2
	  0.351562  0.576367  0.218750  0.214844
	  0.000400  0.000400  0.000400  0.000400

午 1
significant   elliptical     2
	  0.419922  0.288867  0.193359  0.125000
	  0.000400  0.000400  0.000400  0.000400

置 1
significant   elliptical     2
	  0.363281  0.701172  0.210938  0.187500
	  0.000400  0.000400  0.000400  0.000400

否 1
significant   elliptical     2
	  0.380859  0.558789  0.220703  0.203125
	  0.000400  0.000400  0.000400  0.000400

让 1
significant   elliptical     1
	  0.316406  0.392578  0.214844  0.191406
	  0.000400  0.000400  0.000400  0.000400

当 1
significant   elliptical     1
	  0.335938  0.510938  0.207031  0.179688
	  0.000400  0.000400  0.000400  0.000400

佰 1
significant   elliptical     1
	  0.371094  0.303516  0.199219  0.101562
	  0.000400  0.000400  0.000400  0.000400

个 1
significant   elliptical     2
	  0.388672  0.290821  0.164062  0.167969
	  0.000400  0.000400  0.000400  0.000400

提 1
significant   elliptical     2
	  0.359375  0.686328  0.214844  0.195312
	  0.000400  0.000400  0.000400  0.000400

手 1
significant   elliptical     2
	  0.435547  0.456055  0.199219  0.183594
	  0.000400  0.000400  0.000400  0.000400

蔓 1
significant   elliptical     1
	  0.375000  0.376563  0.230469  0.117188
	  0.000400  0.000400  0.000400  0.000400

烹 1
significant   elliptical     1
	  0.378906  0.362891  0.199219  0.097656
	  0.000400  0.000400  0.000400  0.000400

充 1
significant   elliptical     1
	  0.363281  0.302734  0.226562  0.109375
	  0.000400  0.000400  0.000400  0.000400

算 1
significant   elliptical     1
	  0.394531  0.711719  0.207031  0.183594
	  0.000400  0.000400  0.000400  0.000400

\ 1
significant   elliptical     1
	  0.289062  0.117969  0.167969  0.015625
	  0.000400  0.000400  0.000400  0.000400

乎 1
significant   elliptical     1
	  0.425781  0.475781  0.195312  0.183594
	  0.000400  0.000400  0.000400  0.000400

í 1
significant   elliptical     1
	  0.378906  0.161328  0.218750  0.058594
	  0.000400  0.000400  0.000400  0.000400

吉 1
significant   elliptical     1
	  0.359375  0.578125  0.199219  0.183594
	  0.000400  0.000400  0.000400  0.000400

孑 1
significant   elliptical     1
	  0.386719  0.191797  0.203125  0.042969
	  0.000400  0.000400  0.000400  0.000400

寻 1
significant   elliptical     1
	  0.406250  0.496484  0.203125  0.128906
	  0.000400  0.000400  0.000400  0.000400

无 1
significant   elliptical     1
	  0.351562  0.171875  0.214844  0.050781
	  0.000400  0.000400  0.000400  0.000400

飘 1
significant   elliptical     1
	  0.343750  0.658594  0.214844  0.218750
	  0.000400  0.000400  0.000400  0.000400

忽 1
significant   elliptical     1
	  0.335938  0.564453  0.207031  0.195312
	  0.000400  0.000400  0.000400  0.000400

神 1
significant   elliptical     1
	  0.363281  0.540234  0.203125  0.210938
	  0.000400  0.000400  0.000400  0.000400

绝 1
significant   elliptical     1
	  0.347656  0.603125  0.199219  0.203125
	  0.000400  0.000400  0.000400  0.000400

缘 1
significant   elliptical     1
	  0.351562  0.626562  0.218750  0.203125
	  0.000400  0.000400  0.000400  0.000400

体 1
significant   elliptical     1
	  0.351562  0.507812  0.207031  0.195312
	  0.000400  0.000400  0.000400  0.000400

萎 1
significant   elliptical     1
	  0.351562  0.139453  0.222656  0.042969
	  0.000400  0.000400  0.000400  0.000400

盅 1
significant   elliptical     1
	  0.332031  0.534766  0.210938  0.144531
	  0.000400  0.000400  0.000400  0.000400

` 1
significant   elliptical     1
	  0.613281  0.045313  0.039062  0.050781
	  0.000400  0.000400  0.000400  0.000400

ü 1
significant   elliptical     1
	  0.367188  0.303906  0.199219  0.101562
	  0.000400  0.000400  0.000400  0.000400

罪 1
significant   elliptical     1
	  0.390625  0.660937  0.195312  0.195312
	  0.000400  0.000400  0.000400  0.000400
