152
NULL 0 NULL 0
~ 10 0,255,0,255,0,32767,0,32767,0,32767 NULL 1 0 0 	# ~ [7e ]p
寂 1 0,255,0,255,0,32767,0,32767,0,32767 NULL 2 0 0 	# 寂 [5bc2 ]x
寞 1 0,255,0,255,0,32767,0,32767,0,32767 NULL 3 0 0 	# 寞 [5bde ]x
攀 1 0,255,0,255,0,32767,0,32767,0,32767 NULL 4 0 0 	# 攀 [6500 ]x
酬 1 0,255,0,255,0,32767,0,32767,0,32767 NULL 5 0 0 	# 酬 [916c ]x
漕 1 0,255,0,255,0,32767,0,32767,0,32767 NULL 6 0 0 	# 漕 [6f15 ]x
在 1 0,255,0,255,0,32767,0,32767,0,32767 NULL 7 0 0 	# 在 [5728 ]x
等 1 0,255,0,255,0,32767,0,32767,0,32767 NULL 8 0 0 	# 等 [7b49 ]x
过 1 0,255,0,255,0,32767,0,32767,0,32767 NULL 9 0 0 	# 过 [8fc7 ]x
的 1 0,255,0,255,0,32767,0,32767,0,32767 NULL 10 0 0 	# 的 [7684 ]x
〔 10 0,255,0,255,0,32767,0,32767,0,32767 NULL 11 0 0 	# 〔 [3014 ]p
了 1 0,255,0,255,0,32767,0,32767,0,32767 NULL 12 0 0 	# 了 [4e86 ]x
i 3 0,255,0,255,0,32767,0,32767,0,32767 NULL -1 0 0 	# i [69 ]a
狸 1 0,255,0,255,0,32767,0,32767,0,32767 NULL 14 0 0 	# 狸 [72f8 ]x
板 1 0,255,0,255,0,32767,0,32767,0,32767 NULL 15 0 0 	# 板 [677f ]x
裂 1 0,255,0,255,0,32767,0,32767,0,32767 NULL 16 0 0 	# 裂 [88c2 ]x
缝 1 0,255,0,255,0,32767,0,32767,0,32767 NULL 17 0 0 	# 缝 [7f1d ]x
日 1 0,255,0,255,0,32767,0,32767,0,32767 NULL 18 0 0 	# 日 [65e5 ]x
甘 1 0,255,0,255,0,32767,0,32767,0,32767 NULL 19 0 0 	# 甘 [7518 ]x
「 10 0,255,0,255,0,32767,0,32767,0,32767 NULL 20 0 0 	# 「 [300c ]p
司 1 0,255,0,255,0,32767,0,32767,0,32767 NULL 21 0 0 	# 司 [53f8 ]x
; 10 0,255,0,255,0,32767,0,32767,0,32767 NULL 22 0 0 	# ; [3b ]p
可 1 0,255,0,255,0,32767,0,32767,0,32767 NULL 23 0 0 	# 可 [53ef ]x
爱 1 0,255,0,255,0,32767,0,32767,0,32767 NULL 24 0 0 	# 爱 [7231 ]x
与 1 0,255,0,255,0,32767,0,32767,0,32767 NULL 25 0 0 	# 与 [4e0e ]x
‘ 10 0,255,0,255,0,32767,0,32767,0,32767 NULL 26 0 0 	# ‘ [2018 ]p
r 3 0,255,0,255,0,32767,0,32767,0,32767 NULL -1 0 0 	# r [72 ]a
艮 1 0,255,0,255,0,32767,0,32767,0,32767 NULL 28 0 0 	# 艮 [826e ]x
. 10 0,255,0,255,0,32767,0,32767,0,32767 NULL 29 0 0 	# . [2e ]p
总 1 0,255,0,255,0,32767,0,32767,0,32767 NULL 30 0 0 	# 总 [603b ]x
是 1 0,255,0,255,0,32767,0,32767,0,32767 NULL 31 0 0 	# 是 [662f ]x
一 1 0,255,0,255,0,32767,0,32767,0,32767 NULL 32 0 0 	# 一 [4e00 ]x
线 1 0,255,0,255,0,32767,0,32767,0,32767 NULL 33 0 0 	# 线 [7ebf ]x
之 1 0,255,0,255,0,32767,0,32767,0,32767 NULL 34 0 0 	# 之 [4e4b ]x
恽 1 0,255,0,255,0,32767,0,32767,0,32767 NULL 35 0 0 	# 恽 [607d ]x
鬲 1 0,255,0,255,0,32767,0,32767,0,32767 NULL 36 0 0 	# 鬲 [9b32 ]x
这 1 0,255,0,255,0,32767,0,32767,0,32767 NULL 37 0 0 	# 这 [8fd9 ]x
庵 1 0,255,0,255,0,32767,0,32767,0,32767 NULL 38 0 0 	# 庵 [5eb5 ]x
荤 1 0,255,0,255,0,32767,0,32767,0,32767 NULL 39 0 0 	# 荤 [8364 ]x
下 1 0,255,0,255,0,32767,0,32767,0,32767 NULL 40 0 0 	# 下 [4e0b ]x
去 1 0,255,0,255,0,32767,0,32767,0,32767 NULL 41 0 0 	# 去 [53bb ]x
也 1 0,255,0,255,0,32767,0,32767,0,32767 NULL 42 0 0 	# 也 [4e5f ]x
不 1 0,255,0,255,0,32767,0,32767,0,32767 NULL 43 0 0 	# 不 [4e0d ]x
我 1 0,255,0,255,0,32767,0,32767,0,32767 NULL 44 0 0 	# 我 [6211 ]x
4 8 0,255,0,255,0,32767,0,32767,0,32767 NULL 45 0 0 	# 4 [34 ]0
] 10 0,255,0,255,0,32767,0,32767,0,32767 NULL 46 0 0 	# ] [5d ]p
路 1 0,255,0,255,0,32767,0,32767,0,32767 NULL 47 0 0 	# 路 [8def ]x
( 10 0,255,0,255,0,32767,0,32767,0,32767 NULL 48 0 0 	# ( [28 ]p
享 1 0,255,0,255,0,32767,0,32767,0,32767 NULL 49 0 0 	# 享 [4eab ]x
< 10 0,255,0,255,0,32767,0,32767,0,32767 NULL 50 0 0 	# < [3c ]p
走 1 0,255,0,255,0,32767,0,32767,0,32767 NULL 51 0 0 	# 走 [8d70 ]x
越 1 0,255,0,255,0,32767,0,32767,0,32767 NULL 52 0 0 	# 越 [8d8a ]x
来 1 0,255,0,255,0,32767,0,32767,0,32767 NULL 53 0 0 	# 来 [6765 ]x
董 1 0,255,0,255,0,32767,0,32767,0,32767 NULL 54 0 0 	# 董 [8463 ]x
口 1 0,255,0,255,0,32767,0,32767,0,32767 NULL 55 0 0 	# 口 [53e3 ]x
道 1 0,255,0,255,0,32767,0,32767,0,32767 NULL 56 0 0 	# 道 [9053 ]x
自 1 0,255,0,255,0,32767,0,32767,0,32767 NULL 57 0 0 	# 自 [81ea ]x
己 1 0,255,0,255,0,32767,0,32767,0,32767 NULL 58 0 0 	# 己 [5df1 ]x
要 1 0,255,0,255,0,32767,0,32767,0,32767 NULL 59 0 0 	# 要 [8981 ]x
f 3 0,255,0,255,0,32767,0,32767,0,32767 NULL -1 0 0 	# f [66 ]a
十 1 0,255,0,255,0,32767,0,32767,0,32767 NULL 61 0 0 	# 十 [5341 ]x
么 1 0,255,0,255,0,32767,0,32767,0,32767 NULL 62 0 0 	# 么 [4e48 ]x
筐 1 0,255,0,255,0,32767,0,32767,0,32767 NULL 63 0 0 	# 筐 [7b50 ]x
肯 1 0,255,0,255,0,32767,0,32767,0,32767 NULL 64 0 0 	# 肯 [80af ]x
承 1 0,255,0,255,0,32767,0,32767,0,32767 NULL 65 0 0 	# 承 [627f ]x
迁 1 0,255,0,255,0,32767,0,32767,0,32767 NULL 66 0 0 	# 迁 [8fc1 ]x
人 1 0,255,0,255,0,32767,0,32767,0,32767 NULL 67 0 0 	# 人 [4eba ]x
喔 1 0,255,0,255,0,32767,0,32767,0,32767 NULL 68 0 0 	# 喔 [5594 ]x
摀 1 0,255,0,255,0,32767,0,32767,0,32767 NULL 69 0 0 	# 摀 [6440 ]x
住 1 0,255,0,255,0,32767,0,32767,0,32767 NULL 70 0 0 	# 住 [4f4f ]x
耳 1 0,255,0,255,0,32767,0,32767,0,32767 NULL 71 0 0 	# 耳 [8033 ]x
朵 1 0,255,0,255,0,32767,0,32767,0,32767 NULL 72 0 0 	# 朵 [6735 ]x
H 5 0,255,0,255,0,32767,0,32767,0,32767 NULL -1 0 0 	# H [48 ]A
斤 1 0,255,0,255,0,32767,0,32767,0,32767 NULL 74 0 0 	# 斤 [65a4 ]x
见 1 0,255,0,255,0,32767,0,32767,0,32767 NULL 75 0 0 	# 见 [89c1 ]x
笑 1 0,255,0,255,0,32767,0,32767,0,32767 NULL 76 0 0 	# 笑 [7b11 ]x
声 1 0,255,0,255,0,32767,0,32767,0,32767 NULL 77 0 0 	# 声 [58f0 ]x
E 5 0,255,0,255,0,32767,0,32767,0,32767 NULL -1 0 0 	# E [45 ]A
聂 1 0,255,0,255,0,32767,0,32767,0,32767 NULL 79 0 0 	# 聂 [8042 ]x
真 1 0,255,0,255,0,32767,0,32767,0,32767 NULL 80 0 0 	# 真 [771f ]x
以 1 0,255,0,255,0,32767,0,32767,0,32767 NULL 81 0 0 	# 以 [4ee5 ]x
放 1 0,255,0,255,0,32767,0,32767,0,32767 NULL 82 0 0 	# 放 [653e ]x
弃 1 0,255,0,255,0,32767,0,32767,0,32767 NULL 83 0 0 	# 弃 [5f03 ]x
方 1 0,255,0,255,0,32767,0,32767,0,32767 NULL 84 0 0 	# 方 [65b9 ]x
目 1 0,255,0,255,0,32767,0,32767,0,32767 NULL 85 0 0 	# 目 [76ee ]x
资 1 0,255,0,255,0,32767,0,32767,0,32767 NULL 86 0 0 	# 资 [8d44 ]x
1 8 0,255,0,255,0,32767,0,32767,0,32767 NULL 87 0 0 	# 1 [31 ]0
ã 3 0,255,0,255,0,32767,0,32767,0,32767 NULL -1 0 0 	# ã [e3 ]a
兖 1 0,255,0,255,0,32767,0,32767,0,32767 NULL 89 0 0 	# 兖 [5156 ]x
误 1 0,255,0,255,0,32767,0,32767,0,32767 NULL 90 0 0 	# 误 [8bef ]x
青 1 0,255,0,255,0,32767,0,32767,0,32767 NULL 91 0 0 	# 青 [9752 ]x
眷 1 0,255,0,255,0,32767,0,32767,0,32767 NULL 92 0 0 	# 眷 [7737 ]x
美 1 0,255,0,255,0,32767,0,32767,0,32767 NULL 93 0 0 	# 美 [7f8e ]x
好 1 0,255,0,255,0,32767,0,32767,0,32767 NULL 94 0 0 	# 好 [597d ]x
天 1 0,255,0,255,0,32767,0,32767,0,32767 NULL 95 0 0 	# 天 [5929 ]x
尔 1 0,255,0,255,0,32767,0,32767,0,32767 NULL 96 0 0 	# 尔 [5c14 ]x
痕 1 0,255,0,255,0,32767,0,32767,0,32767 NULL 97 0 0 	# 痕 [75d5 ]x
迹 1 0,255,0,255,0,32767,0,32767,0,32767 NULL 98 0 0 	# 迹 [8ff9 ]x
还 1 0,255,0,255,0,32767,0,32767,0,32767 NULL 99 0 0 	# 还 [8fd8 ]x
像 1 0,255,0,255,0,32767,0,32767,0,32767 NULL 100 0 0 	# 像 [50cf ]x
尘 1 0,255,0,255,0,32767,0,32767,0,32767 NULL 101 0 0 	# 尘 [5c18 ]x
埃 1 0,255,0,255,0,32767,0,32767,0,32767 NULL 102 0 0 	# 埃 [57c3 ]x
贡 1 0,255,0,255,0,32767,0,32767,0,32767 NULL 103 0 0 	# 贡 [8d21 ]x
笠 1 0,255,0,255,0,32767,0,32767,0,32767 NULL 104 0 0 	# 笠 [7b20 ]x
有 1 0,255,0,255,0,32767,0,32767,0,32767 NULL 105 0 0 	# 有 [6709 ]x
分 1 0,255,0,255,0,32767,0,32767,0,32767 NULL 106 0 0 	# 分 [5206 ]x
寸 1 0,255,0,255,0,32767,0,32767,0,32767 NULL 107 0 0 	# 寸 [5bf8 ]x
§ 10 0,255,0,255,0,32767,0,32767,0,32767 NULL 108 0 0 	# § [a7 ]p
景 1 0,255,0,255,0,32767,0,32767,0,32767 NULL 109 0 0 	# 景 [666f ]x
多 1 0,255,0,255,0,32767,0,32767,0,32767 NULL 110 0 0 	# 多 [591a ]x
K 5 0,255,0,255,0,32767,0,32767,0,32767 NULL -1 0 0 	# K [4b ]A
痘 1 0,255,0,255,0,32767,0,32767,0,32767 NULL 112 0 0 	# 痘 [75d8 ]x
形 1 0,255,0,255,0,32767,0,32767,0,32767 NULL 113 0 0 	# 形 [5f62 ]x
着 1 0,255,0,255,0,32767,0,32767,0,32767 NULL 114 0 0 	# 着 [7740 ]x
狂 1 0,255,0,255,0,32767,0,32767,0,32767 NULL 115 0 0 	# 狂 [72c2 ]x
妄 1 0,255,0,255,0,32767,0,32767,0,32767 NULL 116 0 0 	# 妄 [5984 ]x
束 1 0,255,0,255,0,32767,0,32767,0,32767 NULL 117 0 0 	# 束 [675f ]x
皿 1 0,255,0,255,0,32767,0,32767,0,32767 NULL 118 0 0 	# 皿 [76bf ]x
痛 1 0,255,0,255,0,32767,0,32767,0,32767 NULL 119 0 0 	# 痛 [75db ]x
或 1 0,255,0,255,0,32767,0,32767,0,32767 NULL 120 0 0 	# 或 [6216 ]x
午 1 0,255,0,255,0,32767,0,32767,0,32767 NULL 121 0 0 	# 午 [5348 ]x
置 1 0,255,0,255,0,32767,0,32767,0,32767 NULL 122 0 0 	# 置 [7f6e ]x
否 1 0,255,0,255,0,32767,0,32767,0,32767 NULL 123 0 0 	# 否 [5426 ]x
让 1 0,255,0,255,0,32767,0,32767,0,32767 NULL 124 0 0 	# 让 [8ba9 ]x
当 1 0,255,0,255,0,32767,0,32767,0,32767 NULL 125 0 0 	# 当 [5f53 ]x
佰 1 0,255,0,255,0,32767,0,32767,0,32767 NULL 126 0 0 	# 佰 [4f70 ]x
个 1 0,255,0,255,0,32767,0,32767,0,32767 NULL 127 0 0 	# 个 [4e2a ]x
提 1 0,255,0,255,0,32767,0,32767,0,32767 NULL 128 0 0 	# 提 [63d0 ]x
手 1 0,255,0,255,0,32767,0,32767,0,32767 NULL 129 0 0 	# 手 [624b ]x
蔓 1 0,255,0,255,0,32767,0,32767,0,32767 NULL 130 0 0 	# 蔓 [8513 ]x
烹 1 0,255,0,255,0,32767,0,32767,0,32767 NULL 131 0 0 	# 烹 [70f9 ]x
充 1 0,255,0,255,0,32767,0,32767,0,32767 NULL 132 0 0 	# 充 [5145 ]x
算 1 0,255,0,255,0,32767,0,32767,0,32767 NULL 133 0 0 	# 算 [7b97 ]x
\ 10 0,255,0,255,0,32767,0,32767,0,32767 NULL 134 0 0 	# \ [5c ]p
乎 1 0,255,0,255,0,32767,0,32767,0,32767 NULL 135 0 0 	# 乎 [4e4e ]x
í 3 0,255,0,255,0,32767,0,32767,0,32767 NULL -1 0 0 	# í [ed ]a
吉 1 0,255,0,255,0,32767,0,32767,0,32767 NULL 137 0 0 	# 吉 [5409 ]x
孑 1 0,255,0,255,0,32767,0,32767,0,32767 NULL 138 0 0 	# 孑 [5b51 ]x
寻 1 0,255,0,255,0,32767,0,32767,0,32767 NULL 139 0 0 	# 寻 [5bfb ]x
无 1 0,255,0,255,0,32767,0,32767,0,32767 NULL 140 0 0 	# 无 [65e0 ]x
飘 1 0,255,0,255,0,32767,0,32767,0,32767 NULL 141 0 0 	# 飘 [98d8 ]x
忽 1 0,255,0,255,0,32767,0,32767,0,32767 NULL 142 0 0 	# 忽 [5ffd ]x
神 1 0,255,0,255,0,32767,0,32767,0,32767 NULL 143 0 0 	# 神 [795e ]x
绝 1 0,255,0,255,0,32767,0,32767,0,32767 NULL 144 0 0 	# 绝 [7edd ]x
缘 1 0,255,0,255,0,32767,0,32767,0,32767 NULL 145 0 0 	# 缘 [7f18 ]x
体 1 0,255,0,255,0,32767,0,32767,0,32767 NULL 146 0 0 	# 体 [4f53 ]x
萎 1 0,255,0,255,0,32767,0,32767,0,32767 NULL 147 0 0 	# 萎 [840e ]x
盅 1 0,255,0,255,0,32767,0,32767,0,32767 NULL 148 0 0 	# 盅 [76c5 ]x
` 10 0,255,0,255,0,32767,0,32767,0,32767 NULL 149 0 0 	# ` [60 ]p
ü 3 0,255,0,255,0,32767,0,32767,0,32767 NULL -1 0 0 	# ü [fc ]a
罪 1 0,255,0,255,0,32767,0,32767,0,32767 NULL 151 0 0 	# 罪 [7f6a ]x
